7.50000003478412    
7.50000003478412    
7.50000003478739    
7.50000003478739    
7.50000003480449    
7.50000003480449    
7.50000003478845    
7.50000003478845    
7.50000003480907    
7.50000003480907    
7.50000003478859    
7.50000003478859    
7.50000003481015    
7.50000003481015    
7.50000003478863    
7.50000003478863    
7.50000003481049    
7.50000003481049    
7.50000003478865    
7.50000003478865    
7.50000003481059    
7.50000003481059    
7.50000003478865    
7.50000003478865    
7.50000003481062    
7.50000003481062    
7.50000003478866    
7.50000003478866    
7.50000003481063    
7.50000003481063    
7.50000003478866    
7.50000003478866    
7.50000003481063    
7.50000003481063    
7.50000003478866    
7.50000003478866    
7.50000003481063    
7.50000003481063    
7.50000003478866    
7.50000003478866    
7.50000003481063    
7.50000003481063    
7.50000003478865    
7.50000003478865    
7.50000003481063    
7.50000003481063    
7.50000003478866    
7.50000003478866    
7.50000003481063    
7.50000003481063    
7.50000003478866    
7.50000003478866    
7.50000003481063    
7.50000003481063    
7.50000003478865    
7.50000003478865    
7.50000003481063    
7.50000003481063    
7.50000003478866    
7.50000003478866    
7.50000003481063    
7.50000003481063    
7.50000003478866    
7.50000003478866    
7.50000003481063    
7.50000003481063    
7.50000003478866    
7.50000003478866    
7.50000003481063    
7.50000003481063    
7.50000003478865    
7.50000003478865    
7.50000003481063    
7.50000003481063    
7.50000003478866    
7.50000003478866    
7.50000003481064    
7.50000003481064    
7.50000003478866    
7.50000003478866    
7.50000003481064    
7.50000003481064    
7.50000003478866    
7.50000003478866    
7.50000003481063    
7.50000003481063    
7.50000003478865    
7.50000003478865    
7.50000003481064    
7.50000003481064    
7.50000003478865    
7.50000003478865    
7.50000003481064    
7.50000003481064    
7.50000003478865    
7.50000003478865    
7.50000003481064    
7.50000003481064    
7.50000003478865    
7.50000003478865    
7.50000003481064    
7.50000003481064    
7.50000003478865    
7.50000003478865    
7.50000003481064    
7.50000003481064    
7.50000003478866    
7.50000003478866    
7.50000003481064    
7.50000003481064    
7.50000003478865    
7.50000003478865    
7.50000003481064    
7.50000003481064    
7.50000003478865    
7.50000003478865    
7.50000003481064    
7.50000003481064    
7.50000003478865    
7.50000003478865    
7.50000003481064    
7.50000003481064    
7.50000003478865    
7.50000003478865    
7.50000003481064    
7.50000003481064    
7.50000003478866    
7.50000003478866    
7.50000003481064    
7.50000003481064    
7.50000003478865    
7.50000003478865    
7.50000003481064    
7.50000003481064    
7.50000003478865    
7.50000003478865    
7.50000003481064    
7.50000003481064    
7.50000003478865    
7.50000003478865    
7.50000003481064    
7.50000003481064    
7.50000003478866    
7.50000003478866    
7.50000003481064    
7.50000003481064    
7.50000003478865    
7.50000003478865    
7.50000003481064    
7.50000003481064    
7.50000003478865    
7.50000003478865    
7.50000003481064    
7.50000003481064    
7.50000003478865    
7.50000003478865    
7.50000003481063    
7.50000003481063    
7.50000003478865    
7.50000003478865    
7.50000003481064    
7.50000003481064    
7.50000003478865    
7.50000003478865    
7.50000003481064    
7.50000003481064    
7.50000003478866    
7.50000003478866    
7.50000003481064    
7.50000003481064    
7.50000003478865    
7.50000003478865    
7.50000003481064    
7.50000003481064    
7.50000003478865    
7.50000003478865    
7.50000003481063    
7.50000003481063    
7.50000003478865    
7.50000003478865    
7.50000003481064    
7.50000003481064    
7.50000003478865    
7.50000003478865    
7.50000003481064    
7.50000003481064    
7.50000003478865    
7.50000003478865    
7.50000003481064    
7.50000003481064    
7.50000003478865    
7.50000003478865    
7.50000003481064    
7.50000003481064    
7.50000003478865    
7.50000003478865    
7.50000003481064    
7.50000003481064    
7.50000003478865    
7.50000003478865    
