500000.00446986290626
500000.00446986290626
404578.44041166664101
404578.44041166664101
-497582.60379100684077
-497582.60379100684077
131767.18659987728461
131767.18659987728461
-472274.70130495651392
-472274.70130495651392
137526.94426542776637
137526.94426542776637
-461525.01266160933301
-461525.01266160933301
134062.63388906058390
134062.63388906058390
-458134.46112485293997
-458134.46112485293997
133035.85065173974726
133035.85065173974726
-457103.56181459175423
-457103.56181459175423
132728.55898265700671
132728.55898265700671
-456793.31677701772423
-456793.31677701772423
132636.51951084675966
132636.51951084675966
-456700.23932168970350
-456700.23932168970350
132608.94581198564265
132608.94581198564265
-456672.34094364260091
-456672.34094364260091
132600.68459375188104
132600.68459375188104
-456663.98122026654892
-456663.98122026654892
132598.20944413449615
132598.20944413449615
-456661.47644691698952
-456661.47644691698952
132597.46785821078811
132597.46785821078811
-456660.72597560478607
-456660.72597560478607
132597.24566958411015
132597.24566958411015
-456660.50112380000064
-456660.50112380000064
132597.17909897089703
132597.17909897089703
-456660.43375515565276
-456660.43375515565276
132597.15915338505874
132597.15915338505874
-456660.41357056092238
-456660.41357056092238
132597.15317734901328
132597.15317734901328
-456660.40752298216103
-456660.40752298216103
132597.15138706605649
132597.15138706605649
-456660.40571111423196
-456660.40571111423196
132597.15085057876422
132597.15085057876422
-456660.40516823146027
-456660.40516823146027
132597.15068988112034
132597.15068988112034
-456660.40500559355132
-456660.40500559355132
132597.15064187586540
132597.15064187586540
-456660.40495685662609
-456660.40495685662609
132597.15062716740067
132597.15062716740067
-456660.40494217973901
-456660.40494217973901
132597.15062292083167
132597.15062292083167
-456660.40493780624820
-456660.40493780624820
132597.15062167955330
132597.15062167955330
-456660.40493648906704
-456660.40493648906704
132597.15062116112676
132597.15062116112676
-456660.40493605250958
-456660.40493605250958
132597.15062094060704
132597.15062094060704
-456660.40493591531413
-456660.40493591531413
132597.15062106962432
132597.15062106962432
-456660.40493592544226
-456660.40493592544226
132597.15062102625961
132597.15062102625961
-456660.40493591327686
-456660.40493591327686
132597.15062098985072
132597.15062098985072
-456660.40493590227561
-456660.40493590227561
132597.15062108595157
132597.15062108595157
-456660.40493592311395
-456660.40493592311395
132597.15062098691124
132597.15062098691124
-456660.40493590192636
-456660.40493590192636
132597.15062104578828
132597.15062104578828
-456660.40493591077393
-456660.40493591077393
132597.15062104634126
132597.15062104634126
-456660.40493590652477
-456660.40493590652477
132597.15062099433271
132597.15062099433271
-456660.40493589517428
-456660.40493589517428
132597.15062098694034
132597.15062098694034
-456660.40493589517428
-456660.40493589517428
132597.15062106409459
132597.15062106409459
-456660.40493591141421
-456660.40493591141421
132597.15062095536268
132597.15062095536268
-456660.40493589610560
-456660.40493589610560
132597.15062103688251
132597.15062103688251
-456660.40493591496488
-456660.40493591496488
132597.15062101741205
132597.15062101741205
-456660.40493591804989
-456660.40493591804989
132597.15062108400161
132597.15062108400161
-456660.40493592951680
-456660.40493592951680
132597.15062106744153
132597.15062106744153
-456660.40493591717677
-456660.40493591717677
132597.15062096572365
132597.15062096572365
-456660.40493588912068
-456660.40493588912068
132597.15062091848813
132597.15062091848813
-456660.40493589593098
-456660.40493589593098
132597.15062114319880
132597.15062114319880
-456660.40493594895815
-456660.40493594895815
132597.15062105844845
132597.15062105844845
-456660.40493592643179
-456660.40493592643179
132597.15062106723781
132597.15062106723781
-456660.40493591414997
-456660.40493591414997
132597.15062095713802
132597.15062095713802
-456660.40493588504614
-456660.40493588504614
132597.15062098630005
132597.15062098630005
-456660.40493589948164
-456660.40493589948164
132597.15062107038102
132597.15062107038102
-456660.40493591892300
-456660.40493591892300
132597.15062099305214
132597.15062099305214
-456660.40493590472033
-456660.40493590472033
132597.15062107934500
132597.15062107934500
-456660.40493591915583
-456660.40493591915583
132597.15062098827912
132597.15062098827912
